164.208 1.4822e-323 82.1042
0 4.94066e-324 0
135.908 0 67.9538

164.208 164.208 164.208
2.37152e-322 0 2.37152e-322
135.908 135.908 135.908

164.208 246.313 164.208
0 0 0
135.908 203.861 135.908

164.208 164.208 164.208
2.37152e-322 0 2.37152e-322
135.908 135.908 135.908

159.106 164.208 159.106
135.908 0 67.9538
119.962 135.908 119.962

164.208 154.004 159.106
132.094 135.908 132.094
124.598 104.017 114.307

159.106 159.106 159.106
139.722 196.233 139.722
124.598 108.652 116.625

164.208 159.106 161.657
132.094 147.35 132.094
124.598 118.943 121.77

159.106 164.208 159.106
135.908 124.465 130.186
124.598 126.915 124.598

164.208 156.555 160.382
135.908 128.279 132.094
124.598 127.425 124.598

159.106 161.657 159.106
135.908 134.001 135.908
124.598 124.598 124.598

159.106 157.831 159.106
132.094 139.722 132.094
124.598 124.598 124.598

164.208 159.106 161.657
132.094 128.279 132.094
124.598 124.598 124.598

159.106 164.208 159.106
135.908 132.094 135.908
124.598 124.598 124.598

159.106 156.555 159.106
139.722 139.722 139.722
124.598 124.598 124.598

159.106 159.106 159.106
132.094 143.536 132.094
124.598 124.598 124.598

164.208 159.106 161.657
132.094 124.465 128.279
124.598 124.598 124.598

159.106 164.208 159.106
135.908 124.465 130.186
124.598 124.598 124.598

159.106 156.555 159.106
135.908 132.094 135.908
124.598 124.598 124.598

159.106 159.106 159.106
132.094 141.629 132.094
124.598 124.598 124.598

159.106 159.106 159.106
135.908 128.279 132.094
124.598 124.598 124.598

159.106 159.106 159.106
135.908 132.094 135.908
124.598 124.598 124.598

159.106 159.106 159.106
135.908 139.722 135.908
124.598 124.598 124.598

159.106 159.106 159.106
135.908 135.908 135.908
124.598 124.598 124.598

159.106 159.106 159.106
135.908 135.908 135.908
124.598 124.598 124.598

159.106 159.106 159.106
135.908 135.908 135.908
124.598 124.598 124.598

159.106 159.106 159.106
135.908 135.908 135.908
124.598 124.598 124.598

159.106 159.106 159.106
132.094 135.908 132.094
124.598 124.598 124.598

159.106 159.106 159.106
132.094 128.279 132.094
128.783 124.598 128.783

159.106 159.106 159.106
135.908 132.094 135.908
124.598 132.967 124.598

164.208 159.106 161.657
139.722 139.722 139.722
119.962 120.413 119.962

159.106 164.208 159.106
135.908 143.536 135.908
124.598 115.327 119.962

159.106 156.555 159.106
135.908 132.094 135.908
124.598 119.962 122.28

159.106 159.106 159.106
135.908 135.908 135.908
124.598 124.598 124.598

159.106 159.106 159.106
132.094 135.908 132.094
124.598 126.915 124.598

159.106 159.106 159.106
132.094 128.279 132.094
124.598 124.598 124.598

159.106 159.106 159.106
135.908 132.094 135.908
124.598 124.598 124.598

164.208 159.106 161.657
135.908 139.722 135.908
124.598 124.598 124.598

164.208 164.208 164.208
135.908 135.908 135.908
124.598 124.598 124.598

164.208 166.759 164.208
135.908 135.908 135.908
124.598 124.598 124.598

159.106 164.208 159.106
135.908 135.908 135.908
124.598 124.598 124.598

159.106 154.004 156.555
132.094 135.908 132.094
124.598 124.598 124.598

159.106 154.004 156.555
135.908 128.279 132.094
124.598 124.598 124.598

159.106 156.555 159.106
135.908 132.094 135.908
124.598 124.598 124.598

159.106 161.657 159.106
135.908 139.722 135.908
124.598 124.598 124.598

159.106 159.106 159.106
135.908 135.908 135.908
124.598 124.598 124.598

164.208 159.106 161.657
135.908 135.908 135.908
124.598 124.598 124.598

159.106 164.208 159.106
135.908 135.908 135.908
124.598 124.598 124.598

164.208 156.555 160.382
135.908 135.908 135.908
124.598 124.598 124.598

164.208 161.657 164.208
132.094 135.908 132.094
124.598 124.598 124.598

159.106 168.035 159.106
135.908 128.279 132.094
124.598 124.598 124.598

159.106 154.004 156.555
135.908 132.094 135.908
124.598 124.598 124.598

159.106 154.004 156.555
135.908 139.722 135.908
124.598 124.598 124.598

159.106 156.555 159.106
135.908 135.908 135.908
124.598 124.598 124.598

159.106 161.657 159.106
135.908 135.908 135.908
124.598 124.598 124.598

159.106 159.106 159.106
135.908 135.908 135.908
124.598 124.598 124.598

164.208 159.106 161.657
135.908 135.908 135.908
124.598 124.598 124.598

159.106 164.208 159.106
132.094 135.908 132.094
124.598 124.598 124.598

159.106 156.555 159.106
135.908 128.279 132.094
124.598 124.598 124.598

159.106 159.106 159.106
139.722 132.094 135.908
124.598 124.598 124.598

164.208 159.106 161.657
132.094 139.722 132.094
124.598 124.598 124.598

159.106 164.208 159.106
135.908 128.279 132.094
124.598 124.598 124.598

159.106 156.555 159.106
132.094 132.094 132.094
124.598 124.598 124.598

159.106 159.106 159.106
135.908 132.094 135.908
124.598 124.598 124.598

159.106 159.106 159.106
135.908 139.722 135.908
124.598 124.598 124.598

159.106 159.106 159.106
135.908 135.908 135.908
124.598 124.598 124.598

159.106 159.106 159.106
132.094 135.908 132.094
124.598 124.598 124.598

159.106 159.106 159.106
135.908 128.279 132.094
119.962 124.598 119.962

164.208 159.106 161.657
135.908 132.094 135.908
124.598 115.327 119.962

159.106 164.208 159.106
135.908 139.722 135.908
124.598 119.962 122.28

159.106 156.555 159.106
135.908 135.908 135.908
124.598 124.598 124.598

164.208 159.106 161.657
135.908 135.908 135.908
124.598 126.915 124.598

159.106 164.208 159.106
135.908 135.908 135.908
124.598 124.598 124.598

159.106 156.555 159.106
132.094 135.908 132.094
124.598 124.598 124.598

159.106 159.106 159.106
132.094 128.279 132.094
124.598 124.598 124.598

159.106 159.106 159.106
135.908 132.094 135.908
124.598 124.598 124.598

159.106 159.106 159.106
132.094 139.722 132.094
124.598 124.598 124.598

159.106 159.106 159.106
132.094 128.279 132.094
124.598 124.598 124.598

159.106 159.106 159.106
135.908 132.094 135.908
124.598 124.598 124.598

159.106 159.106 159.106
135.908 139.722 135.908
124.598 124.598 124.598

159.106 159.106 159.106
132.094 135.908 132.094
124.598 124.598 124.598

159.106 159.106 159.106
135.908 128.279 132.094
124.598 124.598 124.598

159.106 159.106 159.106
132.094 132.094 132.094
124.598 124.598 124.598

159.106 159.106 159.106
135.908 132.094 135.908
124.598 124.598 124.598

159.106 159.106 159.106
132.094 139.722 132.094
124.598 124.598 124.598

164.208 159.106 161.657
135.908 128.279 132.094
124.598 124.598 124.598

164.208 164.208 164.208
135.908 132.094 135.908
124.598 124.598 124.598

159.106 166.759 159.106
135.908 139.722 135.908
124.598 124.598 124.598

164.208 154.004 159.106
132.094 135.908 132.094
124.598 124.598 124.598

159.106 159.106 159.106
132.094 128.279 132.094
124.598 124.598 124.598

159.106 159.106 159.106
135.908 132.094 135.908
124.598 124.598 124.598

164.208 159.106 161.657
132.094 139.722 132.094
124.598 124.598 124.598

159.106 164.208 159.106
132.094 128.279 132.094
124.598 124.598 124.598

159.106 156.555 159.106
135.908 132.094 135.908
124.598 124.598 124.598

159.106 159.106 159.106
135.908 139.722 135.908
124.598 124.598 124.598

159.106 159.106 159.106
135.908 135.908 135.908
124.598 124.598 124.598

164.208 159.106 161.657
135.908 135.908 135.908
124.598 124.598 124.598

159.106 164.208 159.106
135.908 135.908 135.908
124.598 124.598 124.598

159.106 156.555 159.106
135.908 135.908 135.908
127.777 124.598 127.777

159.106 159.106 159.106
135.908 135.908 135.908
124.598 130.957 124.598

159.106 159.106 159.106
132.094 135.908 132.094
124.598 121.418 124.598

159.106 159.106 159.106
135.908 128.279 132.094
124.598 124.598 124.598

159.106 159.106 159.106
132.094 132.094 132.094
124.598 124.598 124.598

159.106 159.106 159.106
135.908 132.094 135.908
124.598 124.598 124.598

159.106 159.106 159.106
135.908 139.722 135.908
124.598 124.598 124.598

159.106 159.106 159.106
135.908 135.908 135.908
124.598 124.598 124.598

164.208 159.106 161.657
135.908 135.908 135.908
124.598 124.598 124.598

159.106 164.208 159.106
135.908 135.908 135.908
124.598 124.598 124.598

159.106 156.555 159.106
132.094 135.908 132.094
124.598 124.598 124.598

159.106 159.106 159.106
135.908 128.279 132.094
119.962 124.598 119.962

159.106 159.106 159.106
132.094 132.094 132.094
124.598 115.327 119.962

159.106 159.106 159.106
135.908 132.094 135.908
124.598 119.962 122.28

159.106 159.106 159.106
135.908 139.722 135.908
124.598 124.598 124.598

159.106 159.106 159.106
132.094 135.908 132.094
124.598 126.915 124.598

159.106 159.106 159.106
135.908 128.279 132.094
124.598 124.598 124.598

159.106 159.106 159.106
135.908 132.094 135.908
124.598 124.598 124.598

159.106 159.106 159.106
135.908 139.722 135.908
124.598 124.598 124.598

159.106 159.106 159.106
135.908 135.908 135.908
124.598 124.598 124.598

164.208 159.106 161.657
135.908 135.908 135.908
124.598 124.598 124.598

159.106 164.208 159.106
132.094 135.908 132.094
124.598 124.598 124.598

159.106 156.555 159.106
132.094 128.279 132.094
124.598 124.598 124.598

159.106 159.106 159.106
135.908 132.094 135.908
124.598 124.598 124.598

159.106 159.106 159.106
135.908 139.722 135.908
124.598 124.598 124.598

159.106 159.106 159.106
132.094 135.908 132.094
119.962 124.598 119.962

159.106 159.106 159.106
132.094 128.279 132.094
124.598 115.327 119.962

159.106 159.106 159.106
132.094 132.094 132.094
124.598 119.962 122.28

159.106 159.106 159.106
132.094 132.094 132.094
124.598 124.598 124.598

159.106 159.106 159.106
135.908 132.094 135.908
119.962 126.915 119.962

159.106 159.106 159.106
135.908 139.722 135.908
124.598 115.327 119.962

159.106 159.106 159.106
135.908 135.908 135.908
124.598 119.962 122.28

159.106 159.106 159.106
135.908 135.908 135.908
124.598 124.598 124.598

159.106 159.106 159.106
135.908 135.908 135.908
124.598 126.915 124.598

159.106 159.106 159.106
135.908 135.908 135.908
124.598 124.598 124.598

159.106 159.106 159.106
132.094 135.908 132.094
124.598 124.598 124.598

164.208 159.106 161.657
135.908 128.279 132.094
124.598 124.598 124.598

159.106 164.208 159.106
135.908 132.094 135.908
124.598 124.598 124.598

159.106 156.555 159.106
132.094 139.722 132.094
124.598 124.598 124.598

164.208 159.106 161.657
132.094 128.279 132.094
124.598 124.598 124.598

164.208 164.208 164.208
132.094 132.094 132.094
124.598 124.598 124.598

164.208 166.759 164.208
135.908 132.094 135.908
124.598 124.598 124.598

159.106 164.208 159.106
132.094 139.722 132.094
124.598 124.598 124.598

159.106 154.004 156.555
132.094 128.279 132.094
124.598 124.598 124.598

159.106 154.004 156.555
135.908 132.094 135.908
127.777 124.598 127.777

159.106 156.555 159.106
132.094 139.722 132.094
124.598 130.957 124.598

159.106 161.657 159.106
135.908 128.279 132.094
124.598 121.418 124.598

159.106 159.106 159.106
135.908 132.094 135.908
124.598 124.598 124.598

159.106 159.106 159.106
135.908 139.722 135.908
124.598 124.598 124.598

159.106 159.106 159.106
135.908 135.908 135.908
128.783 124.598 128.783

159.106 159.106 159.106
132.094 135.908 132.094
124.598 132.967 124.598

159.106 159.106 159.106
135.908 128.279 132.094
124.598 120.413 124.598

159.106 159.106 159.106
132.094 132.094 132.094
124.598 124.598 124.598

159.106 159.106 159.106
132.094 132.094 132.094
124.598 124.598 124.598

164.208 159.106 161.657
135.908 132.094 135.908
124.598 124.598 124.598

164.208 164.208 164.208
135.908 139.722 135.908
124.598 124.598 124.598

164.208 166.759 164.208
135.908 135.908 135.908
124.598 124.598 124.598

159.106 164.208 159.106
132.094 135.908 132.094
124.598 124.598 124.598

159.106 154.004 156.555
135.908 128.279 132.094
124.598 124.598 124.598

159.106 154.004 156.555
132.094 132.094 132.094
124.598 124.598 124.598

159.106 156.555 159.106
135.908 132.094 135.908
124.598 124.598 124.598

159.106 161.657 159.106
135.908 139.722 135.908
124.598 124.598 124.598

159.106 159.106 159.106
135.908 135.908 135.908
124.598 124.598 124.598

164.208 159.106 161.657
135.908 135.908 135.908
124.598 124.598 124.598

164.208 164.208 164.208
135.908 135.908 135.908
124.598 124.598 124.598

159.106 166.759 159.106
135.908 135.908 135.908
124.598 124.598 124.598

159.106 154.004 156.555
135.908 135.908 135.908
124.598 124.598 124.598

159.106 154.004 156.555
132.094 135.908 132.094
124.598 124.598 124.598

159.106 156.555 159.106
132.094 128.279 132.094
124.598 124.598 124.598

164.208 161.657 164.208
135.908 132.094 135.908
124.598 124.598 124.598

164.208 169.311 164.208
135.908 139.722 135.908
124.598 124.598 124.598

159.106 164.208 159.106
135.908 135.908 135.908
124.598 124.598 124.598

159.106 154.004 156.555
135.908 135.908 135.908
124.598 124.598 124.598

159.106 154.004 156.555
135.908 135.908 135.908
124.598 124.598 124.598

